//rtl8814b version = 23
//rtl8198F version = RL6386_MAC_PHY_Parameter_v001_20180412
//=======================================================================================================================================//
//                   [0][1][2][3][4][5][6][7][8][9][10][11][12][13][14][15][16][17][18][19][20][21][22][23][24][25][26][27][28][29]      //
//=======================================================================================================================================//
[2G][A][+][CCK]    = {0,1,1,2,2,3,4,4,5,6,6,7,8,8,9,10,10,11,12,12,13,14,14,15,16,16,17,18,18,18}       //2GCCKA_P
[2G][A][-][CCK]    = {0,1,1,2,2,3,4,4,5,6,6,7,8,8,9,10,10,11,12,12,13,14,14,15,16,16,17,18,18,18}       //2GCCKA_N
[2G][B][+][CCK]    = {0,1,1,2,2,3,4,4,5,6,6,7,8,8,9,10,10,11,12,12,13,14,14,15,16,16,17,18,18,18}       //2GCCKB_P
[2G][B][-][CCK]    = {0,1,1,2,2,3,4,4,5,6,6,7,8,8,9,10,10,11,12,12,13,14,14,15,16,16,17,18,18,18}       //2GCCKB_N
[2G][C][+][CCK]    = {0,1,1,2,2,3,4,4,5,6,6,7,8,8,9,10,10,11,12,12,13,14,14,15,16,16,17,18,18,18}       //2GCCKC_P
[2G][C][-][CCK]    = {0,1,1,2,2,3,4,4,5,6,6,7,8,8,9,10,10,11,12,12,13,14,14,15,16,16,17,18,18,18}       //2GCCKC_N
[2G][D][+][CCK]    = {0,1,1,2,2,3,4,4,5,6,6,7,8,8,9,10,10,11,12,12,13,14,14,15,16,16,17,18,18,18}       //2GCCKD_P
[2G][D][-][CCK]    = {0,1,1,2,2,3,4,4,5,6,6,7,8,8,9,10,10,11,12,12,13,14,14,15,16,16,17,18,18,18}       //2GCCKD_N
[2G][A][+][ALL]    = {0,1,1,2,2,3,4,4,5,6,6,7,8,8,9,10,10,11,12,12,13,14,14,15,16,16,17,18,18,18}       //2GA_P	
[2G][A][-][ALL]    = {0,1,1,2,2,3,4,4,5,6,6,7,8,8,9,10,10,11,12,12,13,14,14,15,16,16,17,18,18,18}       //2GA_N	
[2G][B][+][ALL]    = {0,1,1,2,2,3,4,4,5,6,6,7,8,8,9,10,10,11,12,12,13,14,14,15,16,16,17,18,18,18}       //2GB_P	
[2G][B][-][ALL]    = {0,1,1,2,2,3,4,4,5,6,6,7,8,8,9,10,10,11,12,12,13,14,14,15,16,16,17,18,18,18}       //2GB_N	
[2G][C][+][ALL]    = {0,1,1,2,2,3,4,4,5,6,6,7,8,8,9,10,10,11,12,12,13,14,14,15,16,16,17,18,18,18}       //2GC_P
[2G][C][-][ALL]    = {0,1,1,2,2,3,4,4,5,6,6,7,8,8,9,10,10,11,12,12,13,14,14,15,16,16,17,18,18,18}       //2GC_N	
[2G][D][+][ALL]    = {0,1,1,2,2,3,4,4,5,6,6,7,8,8,9,10,10,11,12,12,13,14,14,15,16,16,17,18,18,18}       //2GD_P	
[2G][D][-][ALL]    = {0,1,1,2,2,3,4,4,5,6,6,7,8,8,9,10,10,11,12,12,13,14,14,15,16,16,17,18,18,18}       //2GD_N	
[5G][A][+][ALL][0] = {0,1,2,2,3,4,5,6,7,7,8,9,10,11,12,12,13,14,15,16,16,17,18,19,20,21,21,22,23,24}        //5GLA_P	
[5G][A][-][ALL][0] = {0,0,1,1,2,2,3,3,4,4,5,5,6,6,7,7,8,8,9,9,10,11,11,11,11,12,12,13,13,14}                //5GLA_N	
[5G][B][+][ALL][0] = {0,1,2,3,3,4,5,6,7,8,8,9,10,11,12,13,14,15,15,16,17,18,18,19,20,21,22,23,23,24}        //5GLB_P	
[5G][B][-][ALL][0] = {0,1,1,2,2,3,4,4,5,5,6,7,7,8,8,9,10,10,11,11,12,13,13,14,14,15,15,16,17,17}            //5GLB_N	
[5G][C][+][ALL][0] = {0,1,2,3,4,4,5,6,7,8,9,10,11,12,13,14,15,16,16,17,18,19,20,21,21,22,23,24,25,25}       //5GLC_P	
[5G][C][-][ALL][0] = {0,1,1,2,2,3,4,4,5,5,6,7,7,8,8,9,10,10,11,12,13,14,15,15,15,15,16,16,17,18}            //5GLC_N	
[5G][D][+][ALL][0] = {0,1,2,3,4,5,6,7,8,9,10,11,12,13,14,15,16,17,18,19,20,21,22,23,24,25,25,25,25,25}      //5GLD_P	
[5G][D][-][ALL][0] = {0,1,1,2,3,3,4,5,5,6,7,7,8,9,9,10,11,11,12,13,13,14,15,15,16,17,17,18,19,19}           //5GLD_N	
[5G][A][+][ALL][1] = {0,1,2,3,4,5,6,7,8,9,10,11,12,13,14,15,16,17,18,19,20,21,22,23,23,24,25,25,25,25}      //5GMA_P	
[5G][A][-][ALL][1] = {0,1,1,2,3,4,4,5,6,6,7,8,9,9,10,11,11,12,13,14,14,15,16,16,17,18,19,19,20,21}          //5GMA_N	
[5G][B][+][ALL][1] = {0,1,2,3,4,5,6,7,8,9,10,11,12,13,14,15,16,17,18,18,19,20,21,22,23,24,25,25,25,25}      //5GMB_P	
[5G][B][-][ALL][1] = {0,1,1,2,3,3,4,5,6,6,7,8,8,9,10,10,11,12,12,13,14,15,15,16,17,17,18,19,19,20}          //5GMB_N	
[5G][C][+][ALL][1] = {0,1,2,3,4,5,6,7,8,9,10,11,12,13,14,15,16,17,17,18,19,20,21,22,23,24,24,25,25,25}       //5GMC_P	
[5G][C][-][ALL][1] = {0,1,1,2,3,3,4,5,5,6,7,7,8,9,9,10,11,11,12,13,14,15,15,15,16,16,17,18,18,19}           //5GMC_N	
[5G][D][+][ALL][1] = {0,1,2,3,4,5,6,7,8,9,10,11,12,13,14,15,16,17,17,18,19,20,21,22,23,24,25,25,25,25}      //5GMD_P	
[5G][D][-][ALL][1] = {0,1,1,2,2,3,4,4,5,6,6,7,7,8,9,9,10,10,11,12,12,13,13,14,15,15,16,17,17,18}            //5GMD_N
[5G][A][+][ALL][2] = {0,1,2,3,4,5,6,7,8,9,10,11,12,13,14,15,16,17,17,18,19,20,21,22,23,24,25,25,25,25}      //5GHA_P	
[5G][A][-][ALL][2] = {0,1,1,2,3,3,4,5,5,6,6,7,8,8,9,10,10,11,12,12,13,14,14,15,16,16,17,17,18,19}           //5GHA_N	
[5G][B][+][ALL][2] = {0,1,2,3,4,4,5,6,7,8,9,10,11,12,13,14,15,16,16,17,18,19,20,20,21,22,23,24,25,25}       //5GHB_P	
[5G][B][-][ALL][2] = {0,1,1,2,3,4,4,5,6,6,7,8,8,9,10,11,11,12,13,13,14,14,15,16,17,18,18,19,20,20}          //5GHB_N
[5G][C][+][ALL][2] = {0,1,2,3,4,5,5,6,7,8,9,10,11,12,13,14,15,16,16,17,18,19,20,21,22,23,23,24,25,25}       //5GHC_P	
[5G][C][-][ALL][2] = {0,1,1,2,2,3,4,4,5,5,6,7,7,8,8,9,10,11,12,13,14,15,15,15,15,15,16,16,17,18}            //5GHC_N	
[5G][D][+][ALL][2] = {0,1,2,3,4,5,6,7,8,9,10,11,12,13,14,15,16,17,17,18,19,20,21,22,23,24,25,25,25,25}      //5GHD_P	
[5G][D][-][ALL][2] = {0,1,1,2,3,3,4,5,5,6,6,7,8,8,9,10,10,11,12,12,13,14,14,15,16,16,17,17,18,19}           //5GHD_N
               
