//rtl8198F version = RL6386_MAC_PHY_Parameter_v001_20180412
//=======================================================================================================================================//
//                   [0][1][2][3][4][5][6][7][8][9][10][11][12][13][14][15][16][17][18][19][20][21][22][23][24][25][26][27][28][29]      //
//=======================================================================================================================================//
[2G][A][+][CCK]    = {0,1,1,2,2,3,4,4,5,6,6,7,8,8,9,10,10,11,12,12,13,14,14,15,16,16,17,18,18,18}       //2GCCKA_P
[2G][A][-][CCK]    = {0,1,1,2,2,3,4,4,5,6,6,7,8,8,9,10,10,11,12,12,13,14,14,15,16,16,17,18,18,18}       //2GCCKA_N
[2G][B][+][CCK]    = {0,1,1,2,2,3,4,4,5,6,6,7,8,8,9,10,10,11,12,12,13,14,14,15,16,16,17,18,18,18}       //2GCCKB_P
[2G][B][-][CCK]    = {0,1,1,2,2,3,4,4,5,6,6,7,8,8,9,10,10,11,12,12,13,14,14,15,16,16,17,18,18,18}       //2GCCKB_N
[2G][C][+][CCK]    = {0,1,1,2,2,3,4,4,5,6,6,7,8,8,9,10,10,11,12,12,13,14,14,15,16,16,17,18,18,18}       //2GCCKC_P
[2G][C][-][CCK]    = {0,1,1,2,2,3,4,4,5,6,6,7,8,8,9,10,10,11,12,12,13,14,14,15,16,16,17,18,18,18}       //2GCCKC_N
[2G][D][+][CCK]    = {0,1,1,2,2,3,4,4,5,6,6,7,8,8,9,10,10,11,12,12,13,14,14,15,16,16,17,18,18,18}       //2GCCKD_P
[2G][D][-][CCK]    = {0,1,1,2,2,3,4,4,5,6,6,7,8,8,9,10,10,11,12,12,13,14,14,15,16,16,17,18,18,18}       //2GCCKD_N
[2G][A][+][ALL]    = {0,1,1,2,2,3,4,4,5,6,6,7,8,8,9,10,10,11,12,12,13,14,14,15,16,16,17,18,18,18}       //2GA_P	
[2G][A][-][ALL]    = {0,1,1,2,2,3,4,4,5,6,6,7,8,8,9,10,10,11,12,12,13,14,14,15,16,16,17,18,18,18}       //2GA_N	
[2G][B][+][ALL]    = {0,1,1,2,2,3,4,4,5,6,6,7,8,8,9,10,10,11,12,12,13,14,14,15,16,16,17,18,18,18}       //2GB_P	
[2G][B][-][ALL]    = {0,1,1,2,2,3,4,4,5,6,6,7,8,8,9,10,10,11,12,12,13,14,14,15,16,16,17,18,18,18}       //2GB_N	
[2G][C][+][ALL]    = {0,1,1,2,2,3,4,4,5,6,6,7,8,8,9,10,10,11,12,12,13,14,14,15,16,16,17,18,18,18}       //2GC_P
[2G][C][-][ALL]    = {0,1,1,2,2,3,4,4,5,6,6,7,8,8,9,10,10,11,12,12,13,14,14,15,16,16,17,18,18,18}       //2GC_N	
[2G][D][+][ALL]    = {0,1,1,2,2,3,4,4,5,6,6,7,8,8,9,10,10,11,12,12,13,14,14,15,16,16,17,18,18,18}       //2GD_P	
[2G][D][-][ALL]    = {0,1,1,2,2,3,4,4,5,6,6,7,8,8,9,10,10,11,12,12,13,14,14,15,16,16,17,18,18,18}       //2GD_N	
               
